0.73725806
0.80732143
0.8791129
0.85158333
0.80596774
0.88075
0.83467742
0.76701613
0.7675
0.75451613
0.71991667
0.75580645
0.74193548
0.71801724
0.75451613
0.79783333
0.86887097
0.83975
0.8033871
0.81137097
0.81466667
0.73193548
0.7055
0.63653226
0.63991935
0.71776786
0.68637097
0.83966667
0.83395161
0.86033333
0.77782258
0.75435484
0.7955
0.8133871
0.67116667
0.64072581
0.75903226
0.72607143
0.74758065
0.78833333
0.82846774
0.82591667
0.7916129
0.77040323
0.7655
0.74467742
0.71516667
0.68669355
0.75959677
0.74776786
0.82548387
0.81408333
0.82370968
0.81316667
0.7908871
0.79895161
0.7785
0.77879032
0.67983333
0.69048387
0.70379032
0.74474138
0.79314516
0.79833333
0.78766129
0.85541667
0.84596774
0.82580645
0.75141667
0.76451613
0.67308333
0.66024194
0.75306452
0.78660714
0.83290323
0.80091667
0.83201613
0.83816667
0.83290323
0.79580645
0.85175
0.75290323
0.82375
0.75943548
0.79040323
0.77107143
0.77524194
0.77375
0.87427419
0.852
0.82677419
0.8241129
0.834
0.71330645
0.66475
0.67120968
0.76846774
0.78598214
0.75637097
0.79933333
0.83983871
0.80991667
0.8525
0.83846774
0.78225
0.7591129
0.62975
0.60822581
0.63048387
0.7337931
0.72854839
0.81558333
0.8091129
0.82566667
0.81596774
0.75637097
0.78383333
0.79741935
0.70491667
0.77870968
0.75814516
0.81035714
0.83798387
0.83441667
0.87193548
0.89666667
0.86693548
0.83080645
0.78025
0.73991935
0.72708333
0.70112903
0.78362903
0.78303571
0.81
0.82108333
0.89233871
0.9025
0.83822581
0.78306452
0.81658333
0.77193548
0.69541667
0.75459677
0.79008065
0.80491071
0.79895161
0.81183333
0.86620968
0.85725
0.8841129
0.73201613
0.78908333
0.81564516
0.77625
0.80435484
0.74508065
0.80836207
0.83774194
0.83175
0.87741935
0.8455
0.82459677
0.80282258
0.75816667
0.76790323
0.68758333
0.69741935
0.81322581
0.83107143
0.79919355
0.80216667
0.89991935
0.82558333
0.75268519
0.79459677
0.81525
0.76298387